focalLength = 2780
leftextrinsic = [0.99776884607887006418, 0.017084844112712566783, 0.064540203718955746481, -0.78819300000000003248; -0.015469999999999997642, 0.99955669044464123818, -0.025438193476654137604, 0.26172299999999998343; -0.0649461999999999956, 0.024382999999999994956, 0.99759082815378774534, 1.1296800000000000175, 0, 0, 0, 1]

rightextrinsic = [0.99989024117265490332, 0.01465076591928051418, -0.0022046917400055055999, -0.07687549999999999939; -0.014661999999999997951, 0.99987914788627130225, -0.0051686921192939600314, 0.21374499999999999056; 0.0021286999999999998631, 0.0052004499999999988236, 0.99998421185342101225, 1.004389999999999894; 0, 0, 0, 1]
