focalLength = 2945.377
baseline = 178.232
width = 2864
height = 1924
extrinsic = [1, 1, 1, 1; 2, 2, 1, 3; 5, 2, 4, 1; 8, 7, 6,5]
